ATOMIC_POSITIONS crystal
Ag           0.9154216885       0.8804876964       0.5142197817 
Ag           0.8009882825       0.9563173531       0.5048500757 
Ag           0.7123716441       0.8998960324       0.4201419980 
Ag           0.6008936116       0.9763436987       0.4111124267 
Ag           0.5244738684       0.9225636767       0.5181752995 
Ag           0.4205806331       0.9982396006       0.5149678070 
Ag           0.1418277808       0.9627034545       0.5242277394 
Ag           0.3308805572       0.9421326507       0.4231072910 
Ag           0.2342029803       0.8918167645       0.5213343867 
Ag           0.0340410244       0.9204236963       0.4253453798 
Ag           0.9139588311       0.7502825219       0.4235453656 
Ag           0.4260881678       0.8696691830       0.4226950410 
Ag           0.8177449284       0.8255894581       0.4220568325 
Ag           0.6263858054       0.8484103735       0.5184518549 
Ag           0.7201773182       0.7732330090       0.5187847485 
Ag           0.5252009137       0.7976313215       0.4226212027 
Ag           0.3306842270       0.8210600573       0.5198410096 
Ag           0.1275815542       0.8464524208       0.4236818784 
Ag           0.2246054704       0.7734259941       0.4225300907 
Ag           0.0317635751       0.7973195457       0.5194173520 
Ag           0.4177937273       0.7494599109       0.5186525944 
Ag           0.8171943347       0.6971970032       0.5199380561 
Ag           0.7235339648       0.6515535501       0.4234223039 
Ag           0.6174264257       0.7239796300       0.4235247956 
Ag           0.5064975326       0.6782061610       0.5208601189 
Ag           0.4268818537       0.6298181095       0.4229687340 
Ag           0.3136692148       0.7002279581       0.4216561848 
Ag           0.2104955651       0.6467026396       0.5159603543 
Ag           0.1216152210       0.7216982268       0.5174849748 
Ag           0.0235675359       0.6689450697       0.4180513198 
Ag           0.9409236732       0.6216254524       0.5143681670 
Ag           0.6407669918       0.6115531160       0.5253437779 
Ag           0.6576487452       0.5370732047       0.5193583187 
Ag           0.8107334148       0.5764297385       0.4223416874 
Ag           0.3730936217       0.5764225741       0.5197592555 
Ag           0.1625422409       0.5940578481       0.4182065242 
Ag           0.1162993428       0.5369530937       0.5296955798 
Ag           0.9424565867       0.4520725174       0.5142698465 
Ag           0.8112454417       0.4974141755       0.4223178945 
Ag           0.6420309230       0.4625576196       0.5250295931 
Ag           0.5101330051       0.3956018985       0.5207502948 
Ag           0.7260391568       0.4221973824       0.4234393037 
Ag           0.4292248415       0.4441406704       0.4230749067 
Ag           0.8208384004       0.3764543985       0.5198577012 
Ag           0.3739175130       0.4977035066       0.5197779106 
Ag           0.1642484989       0.4797750680       0.4183657536 
Ag           0.2135733681       0.4271344086       0.5161238243 
Ag           0.0266971365       0.4051530693       0.4180764898 
Ag           0.9179928003       0.3234115724       0.4236045865 
Ag           0.6212110243       0.3497074334       0.4235570722 
Ag           0.4214816300       0.3243469139       0.5186681815 
Ag           0.7241041016       0.3004496128       0.5188748595 
Ag           0.5293724995       0.2761025959       0.4227362668 
Ag           0.3171723979       0.3736443874       0.4217187877 
Ag           0.1250416233       0.3521944432       0.5174736313 
Ag           0.2285678369       0.3004453089       0.4225321849 
Ag           0.0356823797       0.2765815132       0.5193012737 
Ag           0.3347333885       0.2527133272       0.5197930804 
Ag           0.9200528430       0.1931088377       0.5142922311 
Ag           0.8222014420       0.2481386781       0.4222579590 
Ag           0.6305987239       0.2252168902       0.5185127412 
Ag           0.4305161214       0.2040249079       0.4227504705 
Ag           0.7171694291       0.1738060905       0.4203049538 
Ag           0.5289727843       0.1509359833       0.5178417009 
Ag           0.1318809602       0.2273575123       0.4236596461 
Ag           0.2386150595       0.1819127388       0.5212452406 
Ag           0.0374480634       0.1534042098       0.4252357672 
Ag           0.3340182810       0.1315657845       0.4230257371 
Ag           0.8994960016       0.0003943403       0.4005476605 
Ag           0.9021234997       0.0730189644       0.4003086033 
Ag           0.8058457444       0.1170518545       0.5044345449 
Ag           0.4215028353       0.0755601663       0.5149223382 
Ag           0.6037430516       0.0972318995       0.4109439664 
Ag           0.7035708256       0.0367973825       0.4852691509 
Ag           0.1433967590       0.1112613018       0.5242830666 
Ag           0.1348125601       0.0369954395       0.5193886558 
Ag           0.9141385811       0.8752428664       0.3229798851 
Ag           0.8966583722       0.9992693272       0.2379271989 
Ag           0.9122376042       0.8760786760       0.1289499858 
Ag           0.5108740107       0.9211427084       0.3222317755 
Ag           0.8039875638       0.9468163245       0.3219932640 
Ag           0.3994452595       0.9991314523       0.3166458822 
Ag           0.8067836432       0.9567275564       0.1288569021 
Ag           0.5208023287       0.9226661884       0.1277338319 
Ag           0.7154836053       0.8985326625       0.2240425416 
Ag           0.6068361967       0.9704205879       0.2305387475 
Ag           0.2250238544       0.8931228298       0.3232115439 
Ag           0.1325667242       0.9633082363       0.3245869235 
Ag           0.2231140376       0.8971763689       0.1278333857 
Ag           0.3172392831       0.9475117193       0.2226909607 
Ag           0.0210681392       0.9220804257       0.2237099888 
Ag           0.1367742690       0.9727585130       0.1274853988 
Ag           0.9143287773       0.7508280710       0.2271836219 
Ag           0.6203600541       0.8483435001       0.3234658017 
Ag           0.7188962963       0.7740634361       0.3250466909 
Ag           0.4207623596       0.8725348838       0.2246129656 
Ag           0.7183528421       0.7742368090       0.1289179495 
Ag           0.8165791405       0.8247263510       0.2262258249 
Ag           0.5213889254       0.7984938325       0.2260967752 
Ag           0.6189309060       0.8481595297       0.1279895763 
Ag           0.0286467590       0.7975884608       0.3250610449 
Ag           0.3252944163       0.8219754682       0.3239124336 
Ag           0.3226733928       0.8229928395       0.1280996592 
Ag           0.0252459586       0.7982280366       0.1287592824 
Ag           0.1233299445       0.8475007443       0.2252128825 
Ag           0.2227663781       0.7733898486       0.2263073579 
Ag           0.9297668726       0.6265723389       0.3297525754 
Ag           0.4204469642       0.7496391744       0.3243806918 
Ag           0.5156109165       0.6781161743       0.3232373962 
Ag           0.8177493726       0.6997380532       0.3253977777 
Ag           0.4206100551       0.7487098090       0.1293072051 
Ag           0.7272363684       0.6508359033       0.2236467400 
Ag           0.6199363340       0.7244201097       0.2260186507 
Ag           0.4233596893       0.6253165841       0.2261978984 
Ag           0.8187587488       0.6996527891       0.1292353559 
Ag           0.5183114936       0.6738307127       0.1296869849 
Ag           0.1247526361       0.7226976628       0.3242569459 
Ag           0.2220637322       0.6470391053       0.3229825255 
Ag           0.1220790981       0.7231590611       0.1304752256 
Ag           0.3195590023       0.6990593025       0.2264522611 
Ag           0.0248540712       0.6714394364       0.2295369285 
Ag           0.2210100321       0.6483667657       0.1310391166 
Ag           0.9210584817       0.6193819265       0.1296567141 
Ag           0.6302982634       0.6098337161       0.3231769844 
Ag           0.6594195943       0.5369850323       0.3284636195 
Ag           0.8337504832       0.5766475563       0.2411242930 
Ag           0.6174720901       0.5986915232       0.1336433409 
Ag           0.5243601765       0.5366721188       0.2121587465 
Ag           0.7917179285       0.5369018767       0.1360611445 
Ag           0.3649236533       0.5745146859       0.3203226150 
Ag           0.0989985899       0.5368931439       0.3126020423 
Ag           0.0192350893       0.5370482417       0.1252797015 
Ag           0.1153726495       0.5960200878       0.2300051591 
Ag           0.3130720396       0.5749999499       0.1372791193 
Ag           0.9317331616       0.4472400984       0.3296444755 
Ag           0.9242696979       0.4544440546       0.1292389045 
Ag           0.6320467395       0.4641011511       0.3232766152 
Ag           0.5192668878       0.3956926167       0.3233231227 
Ag           0.8351499901       0.4971957388       0.2411005417 
Ag           0.7307293969       0.4230087868       0.2237766977 
Ag           0.4265300922       0.4486170829       0.2261145981 
Ag           0.6203261268       0.4748631539       0.1333421799 
Ag           0.5225937019       0.3998691161       0.1295719186 
Ag           0.3661436011       0.4994130784       0.3204487628 
Ag           0.2255589917       0.4267956379       0.3230100355 
Ag           0.3150798653       0.4985926354       0.1364445904 
Ag           0.1195604685       0.4778787825       0.2301438261 
Ag           0.0288309296       0.4026426727       0.2293442728 
Ag           0.2250694368       0.4253739783       0.1306856306 
Ag           0.9186492632       0.3228643961       0.2270381461 
Ag           0.8215931360       0.3739568546       0.3253996347 
Ag           0.7233273302       0.2996968234       0.3251483819 
Ag           0.4246032857       0.3241900196       0.3244731399 
Ag           0.8230240375       0.3741251115       0.1290202594 
Ag           0.6243462403       0.3493900527       0.2260401859 
Ag           0.5264802110       0.2753709193       0.2262720936 
Ag           0.4257827711       0.3250448856       0.1292523548 
Ag           0.7234682401       0.2995442551       0.1287730383 
Ag           0.0331309414       0.2763800146       0.3250293286 
Ag           0.3298436608       0.2518432030       0.3240810193 
Ag           0.1287361503       0.3512810429       0.3242292222 
Ag           0.3238162921       0.3748190658       0.2264128154 
Ag           0.2276874146       0.3005128430       0.2263816473 
Ag           0.1271493379       0.3507597729       0.1303598378 
Ag           0.3284761504       0.2508241201       0.1282669408 
Ag           0.0309507693       0.2757785748       0.1288836890 
Ag           0.9192765796       0.1985266334       0.3233213855 
Ag           0.9175704881       0.1976092167       0.1289691479 
Ag           0.6252802853       0.2254605376       0.3237453476 
Ag           0.8085756154       0.1270843162       0.3223408566 
Ag           0.5152667557       0.1526622215       0.3225374451 
Ag           0.8216823563       0.2490492718       0.2263332254 
Ag           0.4259780276       0.2014317064       0.2250246375 
Ag           0.7208141601       0.1753523771       0.2245666944 
Ag           0.6247356393       0.2257420805       0.1281874821 
Ag           0.5267457313       0.1514209547       0.1286765852 
Ag           0.2293062375       0.1806536564       0.3232585303 
Ag           0.1283353763       0.2264051341       0.2253438764 
Ag           0.0250323815       0.1518164922       0.2237030587 
Ag           0.2287299554       0.1766821832       0.1282800479 
Ag           0.3214454289       0.1265177039       0.2230020499 
Ag           0.8992966722       0.0740808815       0.2390702113 
Ag           0.9214568265       0.0372572183       0.1269260558 
Ag           0.6830971750       0.0366393875       0.3230065672 
Ag           0.4012782678       0.0746381591       0.3164786248 
Ag           0.6110654250       0.1033446267       0.2310684746 
Ag           0.6514547231       0.0368296931       0.1836614307 
Ag           0.8135893250       0.1174888084       0.1302107869 
Ag           0.1349437875       0.1105531754       0.3244181146 
Ag           0.1125854994       0.0369515139       0.3272069662 
Ag           0.2533543249       0.0369717181       0.2092088630 
Ag           0.1403494178       0.1009185850       0.1280614363 
Ag           0.9165077772       0.9977515964       0.0180482692 
Ag           0.4317858169       0.9969314695       0.1223768340 
Ag           0.7205112633       0.8973876622       0.0307551141 
Ag           0.6211478823       0.9674976815       0.0254454360 
Ag           0.3196516459       0.9470382998       0.0314478449 
Ag           0.0271877840       0.9224089816       0.0303368327 
Ag           0.9144108009       0.7500973038       0.0317048563 
Ag           0.4227507188       0.8734303945       0.0301390191 
Ag           0.8168499228       0.8241869389       0.0308800713 
Ag           0.5203310804       0.7988865418       0.0309160113 
Ag           0.2234583169       0.7730508859       0.0320087893 
Ag           0.1257453784       0.8479245934       0.0306943748 
Ag           0.7154836256       0.6501437311       0.0360360999 
Ag           0.6183630252       0.7246932886       0.0328608838 
Ag           0.3222181545       0.6979599638       0.0340604796 
Ag           0.0224428720       0.6748365361       0.0335677923 
Ag           0.4192623502       0.6194673609       0.0353871315 
Ag           0.8087019764       0.5770625039       0.0267960183 
Ag           0.5366343288       0.5367869401       0.0577246663 
Ag           0.2481047229       0.5371451163       0.0292748092 
Ag           0.1116695609       0.6006508591       0.0337708618 
Ag           0.8107549189       0.4964992779       0.0265167657 
Ag           0.7196747697       0.4233022046       0.0355577133 
Ag           0.4237090213       0.4541550751       0.0349444172 
Ag           0.0274413750       0.3992367165       0.0332688670 
Ag           0.1156914106       0.4732637968       0.0331258913 
Ag           0.3275615393       0.3757443897       0.0337901062 
Ag           0.9194590705       0.3235690923       0.0312309632 
Ag           0.6233644911       0.3488239175       0.0324583226 
Ag           0.5261299471       0.2746609754       0.0306572663 
Ag           0.2296119018       0.3007370902       0.0319596210 
Ag           0.8226573037       0.2496696642       0.0304182377 
Ag           0.7268222312       0.1770399629       0.0305431531 
Ag           0.4292123050       0.2002071323       0.0303321326 
Ag           0.1323464176       0.2259595706       0.0310833950 
Ag           0.0343705705       0.1512713045       0.0309764280 
Ag           0.3266144017       0.1267901719       0.0325615891 
Ag           0.9194270955       0.0760500668       0.0176289239 
Ag           0.4344865989       0.0770991486       0.1229299067 
Ag           0.6484081804       0.0371404415       0.0528454177 
Ag           0.6296213627       0.1073554907       0.0278094747 
Ag           0.2350170171       0.0373493679       0.0412946293 
Ni           0.5373152069       0.5681507306       0.4243597866 
Ni           0.5377283098       0.5060138995       0.4243186304 
Ni           0.3108659467       0.5370475100       0.4229538862 
Ni           0.4626039915       0.0369372732       0.4162622623 
Ni           0.2411716380       0.0057921988       0.4226304089 
Ni           0.2415868001       0.0681486501       0.4226275433 
CELL_PARAMETERS angstrom
      9.3032499096       0.0000000000       0.0000000000
      0.0000000000      37.2892583937       0.0000000000
      0.0000000000       0.0000000000      21.5000000000