ATOMIC_POSITIONS crystal
Ag           0.6466420000       0.0368471000       0.1495520000 
Ag           0.3948440000       0.0746145000       0.2567880000 
Ag           0.1243720000       0.1105440000       0.2634670000 
Ag           0.1022810000       0.0369747000       0.2657000000 
Ag           0.2447310000       0.0369525000       0.1697650000 
Ag           0.8994700000       0.0004362620       0.3256750000 
Ag           0.9014230000       0.0730800000       0.3256510000 
Ag           0.8990270000       0.0741051000       0.1937470000 
Ag           0.6813380000       0.0367611000       0.2622930000 
Ag           0.6065890000       0.1034820000       0.1874150000 
Ag           0.4171140000       0.2014550000       0.1826080000 
Ag           0.2180650000       0.1807000000       0.2623960000 
Ag           0.1149700000       0.2264460000       0.1828790000 
Ag           0.0113554000       0.1518120000       0.1815910000 
Ag           0.3123820000       0.1265560000       0.1810060000 
Ag           0.9168540000       0.1984760000       0.2624490000 
Ag           0.6186110000       0.2254960000       0.2627960000 
Ag           0.8062520000       0.1268380000       0.2617930000 
Ag           0.5084890000       0.1526580000       0.2617590000 
Ag           0.8172990000       0.2490380000       0.1836790000 
Ag           0.7162960000       0.1753730000       0.1823640000 
Ag           0.4138150000       0.3242200000       0.2633310000 
Ag           0.0177231000       0.2764260000       0.2637570000 
Ag           0.3188520000       0.2518920000       0.2630160000 
Ag           0.1135580000       0.3512960000       0.2630780000 
Ag           0.3110390000       0.3748690000       0.1836780000 
Ag           0.2145970000       0.3005740000       0.1836720000 
Ag           0.9145650000       0.3228650000       0.1842230000 
Ag           0.8157240000       0.3739040000       0.2641020000 
Ag           0.7170000000       0.2996950000       0.2638860000 
Ag           0.6159010000       0.3494080000       0.1834480000 
Ag           0.5177950000       0.2754020000       0.1836130000 
Ag           0.4140960000       0.4486900000       0.1834460000 
Ag           0.3522820000       0.4994750000       0.2599040000 
Ag           0.2106790000       0.4267710000       0.2620980000 
Ag           0.1024080000       0.4777340000       0.1868190000 
Ag           0.0116641000       0.4025450000       0.1859960000 
Ag           0.9261200000       0.4471940000       0.2673740000 
Ag           0.6219550000       0.4641180000       0.2624950000 
Ag           0.5088110000       0.3956960000       0.2624220000 
Ag           0.8270210000       0.4971540000       0.1956370000 
Ag           0.7226970000       0.4230150000       0.1817350000 
Ag           0.3513500000       0.5744630000       0.2598530000 
Ag           0.0813089000       0.5369180000       0.2532060000 
Ag           0.0993733000       0.5962110000       0.1867700000 
Ag           0.6205900000       0.6098260000       0.2624760000 
Ag           0.6496210000       0.5369850000       0.2665610000 
Ag           0.8259830000       0.5766820000       0.1956770000 
Ag           0.5138610000       0.5367250000       0.1719400000 
Ag           0.4105030000       0.7496590000       0.2633050000 
Ag           0.4116010000       0.6252720000       0.1835410000 
Ag           0.1104160000       0.7226830000       0.2631290000 
Ag           0.2079200000       0.6471030000       0.2621280000 
Ag           0.3076480000       0.6990560000       0.1837370000 
Ag           0.0085442400       0.6715170000       0.1861260000 
Ag           0.9245990000       0.6266240000       0.2675100000 
Ag           0.5059060000       0.6781570000       0.2624200000 
Ag           0.8127550000       0.6998390000       0.2641650000 
Ag           0.7200200000       0.6508510000       0.1817360000 
Ag           0.6124660000       0.7244360000       0.1835010000 
Ag           0.4129770000       0.8725380000       0.1823540000 
Ag           0.0142810000       0.7975520000       0.2638180000 
Ag           0.3152790000       0.8219910000       0.2629320000 
Ag           0.1110270000       0.8475280000       0.1828020000 
Ag           0.2106770000       0.7733870000       0.1836440000 
Ag           0.9114090000       0.7508120000       0.1844060000 
Ag           0.6147810000       0.8483550000       0.2626270000 
Ag           0.7135520000       0.7741090000       0.2638620000 
Ag           0.8134800000       0.8247150000       0.1836660000 
Ag           0.5137870000       0.7984990000       0.1835400000 
Ag           0.3935680000       0.9992320000       0.2568700000 
Ag           0.2147720000       0.8931520000       0.2623920000 
Ag           0.1226840000       0.9633750000       0.2635960000 
Ag           0.3090950000       0.9474990000       0.1807920000 
Ag           0.0083171600       0.9221450000       0.1816050000 
Ag           0.9129910000       0.8752650000       0.2622580000 
Ag           0.8970270000       0.9993390000       0.1931240000 
Ag           0.5050870000       0.9211970000       0.2615640000 
Ag           0.8028280000       0.9469820000       0.2615580000 
Ag           0.7122330000       0.8984790000       0.1820210000 
Ag           0.6034130000       0.9702940000       0.1870840000 
Ag           0.4155920000       0.0755447000       0.4180170000 
Ag           0.1331700000       0.1111970000       0.4254600000 
Ag           0.1245310000       0.0370102000       0.4214770000 
Ag           0.8026740000       0.1173320000       0.4098830000 
Ag           0.5991150000       0.0973301000       0.3337470000 
Ag           0.7013080000       0.0368352000       0.3943570000 
Ag           0.4215820000       0.2040680000       0.3431620000 
Ag           0.1185360000       0.2274640000       0.3438660000 
Ag           0.2272240000       0.1819760000       0.4230990000 
Ag           0.0242867000       0.1534870000       0.3451910000 
Ag           0.3254100000       0.1316300000       0.3434400000 
Ag           0.9179930000       0.1932760000       0.4175680000 
Ag           0.8180360000       0.2481660000       0.3427330000 
Ag           0.6241570000       0.2252880000       0.4209260000 
Ag           0.7123260000       0.1738130000       0.3412230000 
Ag           0.5217520000       0.1511000000       0.4206660000 
Ag           0.4107190000       0.3243720000       0.4210220000 
Ag           0.3041110000       0.3736570000       0.3422850000 
Ag           0.1098990000       0.3522090000       0.4201100000 
Ag           0.2155200000       0.3005050000       0.3429450000 
Ag           0.0203435000       0.2766660000       0.4215100000 
Ag           0.3238380000       0.2527580000       0.4219270000 
Ag           0.9141890000       0.3234250000       0.3437780000 
Ag           0.6128050000       0.3496840000       0.3437780000 
Ag           0.7179760000       0.3004820000       0.4211730000 
Ag           0.5207680000       0.2761270000       0.3431360000 
Ag           0.4994980000       0.3956200000       0.4226080000 
Ag           0.4168470000       0.4441360000       0.3434100000 
Ag           0.3602140000       0.4977330000       0.4217900000 
Ag           0.1479320000       0.4796720000       0.3394220000 
Ag           0.1981170000       0.4271390000       0.4189170000 
Ag           0.0092610100       0.4051550000       0.3392410000 
Ag           0.9374230000       0.4521240000       0.4173070000 
Ag           0.8040640000       0.4974150000       0.3425540000 
Ag           0.6323820000       0.4626400000       0.4259410000 
Ag           0.7181950000       0.4221750000       0.3436650000 
Ag           0.8150690000       0.3764620000       0.4218740000 
Ag           0.3594980000       0.5763060000       0.4217970000 
Ag           0.1465880000       0.5941630000       0.3393640000 
Ag           0.0988982000       0.5369070000       0.4300950000 
Ag           0.9361890000       0.6216100000       0.4173550000 
Ag           0.6312750000       0.6114270000       0.4261570000 
Ag           0.6487370000       0.5370450000       0.4212940000 
Ag           0.8036150000       0.5764410000       0.3425980000 
Ag           0.4078230000       0.7494930000       0.4210450000 
Ag           0.4966350000       0.6782390000       0.4227020000 
Ag           0.4149640000       0.6298190000       0.3433910000 
Ag           0.3013080000       0.7002400000       0.3422870000 
Ag           0.1957160000       0.6467050000       0.4188660000 
Ag           0.1073040000       0.7216830000       0.4201860000 
Ag           0.0068171500       0.6688550000       0.3392780000 
Ag           0.8121990000       0.6972660000       0.4219460000 
Ag           0.7161840000       0.6516260000       0.3436960000 
Ag           0.6098000000       0.7240840000       0.3437890000 
Ag           0.4181770000       0.8697230000       0.3431440000 
Ag           0.3207480000       0.8210910000       0.4219930000 
Ag           0.1152970000       0.8464000000       0.3439310000 
Ag           0.2124390000       0.7733980000       0.3429830000 
Ag           0.0174465000       0.7972370000       0.4216490000 
Ag           0.9110810000       0.7503100000       0.3437850000 
Ag           0.8145780000       0.8256060000       0.3426280000 
Ag           0.6208970000       0.8484460000       0.4209040000 
Ag           0.7148780000       0.7732840000       0.4211350000 
Ag           0.5174830000       0.7976860000       0.3430850000 
Ag           0.4149760000       0.9983260000       0.4180420000 
Ag           0.1321010000       0.9628060000       0.4254610000 
Ag           0.3231070000       0.9421730000       0.3435020000 
Ag           0.2239950000       0.8918550000       0.4231880000 
Ag           0.0218226000       0.9203960000       0.3453040000 
Ag           0.9144650000       0.8803950000       0.4175120000 
Ag           0.7990110000       0.9561960000       0.4100810000 
Ag           0.7086450000       0.8999460000       0.3411270000 
Ag           0.5970160000       0.9763660000       0.3337950000 
Ag           0.5183920000       0.9225540000       0.4208740000 
Ni           0.4580170000       0.0369626000       0.3378170000 
Ni           0.2332240000       0.0058349000       0.3430460000 
Ni           0.2335050000       0.0681429000       0.3430400000 
Ni           0.2956630000       0.5370160000       0.3431790000 
Ni           0.5257110000       0.5680670000       0.3443270000 
Ni           0.5260840000       0.5060440000       0.3442880000 
CELL_PARAMETERS angstrom
      9.1540200000       0.0000000000       0.0000000000
      0.0000000000      37.3574000000       0.0000000000
      0.0000000000       0.0000000000      26.5000000000