ATOMIC_POSITIONS crystal
Ag           0.9778658395       0.9216165889       0.2437771001 
Ag           0.8873616393       0.9945640099       0.2416591983 
Ag           0.8727837166       0.8760504460       0.3329982510 
Ag           0.7745324899       0.9527314753       0.3315953568 
Ag           0.6777342342       0.9007346651       0.2428388385 
Ag           0.5787709337       0.9764717712       0.2394726040 
Ag           0.4824597086       0.9246050546       0.3311322292 
Ag           0.3876577273       0.9999424649       0.3350812901 
Ag           0.0972366418       0.9666074811       0.3341940727 
Ag           0.2896876476       0.9478479949       0.2431781632 
Ag           0.1914801724       0.8947107991       0.3327443985 
Ag           0.9694758730       0.8007379710       0.3329516632 
Ag           0.3837691187       0.8724011197       0.2436216504 
Ag           0.7740376326       0.8247475103       0.2440389482 
Ag           0.5788004709       0.8489911669       0.3322275515 
Ag           0.6760610712       0.7729540100       0.3326706691 
Ag           0.4801290055       0.7973717686       0.2441603069 
Ag           0.2850566419       0.8209671616       0.3330889336 
Ag           0.0845367907       0.8478979392       0.2439549732 
Ag           0.1807888751       0.7738499107       0.2438634797 
Ag           0.9655189060       0.6740260496       0.2425403894 
Ag           0.8703684689       0.7492880295       0.2437443401 
Ag           0.3803982752       0.7459932946       0.3328736815 
Ag           0.7735934542       0.6965874895       0.3321653896 
Ag           0.6754893433       0.6467743528       0.2428770776 
Ag           0.5767184095       0.7220705804       0.2441073750 
Ag           0.4746120557       0.6694203218       0.3307868822 
Ag           0.3626393385       0.6255287687       0.2409193618 
Ag           0.2753919804       0.6996991330       0.2432526614 
Ag           0.1648996438       0.6536855199       0.3325470496 
Ag           0.0750603352       0.7265799666       0.3325242798 
Ag           0.8666118011       0.6182754646       0.3320892871 
Ag           0.7468524359       0.5354392387       0.3470513279 
Ag           0.5513972675       0.5883105923       0.3106835199 
Ag           0.5592111638       0.5195826421       0.2470245611 
Ag           0.7922619273       0.5718298019       0.2401970770 
Ag           0.5680095991       0.5989747622       0.1559135281 
Ag           0.0428850666       0.5343470071       0.3093312443 
Ag           0.2599108862       0.5836511779       0.3476148589 
Ag           0.0799936777       0.6006901936       0.2425956584 
Ag           0.2915895848       0.5467849772       0.2439924841 
Ag           0.0271771286       0.5356792428       0.1656974579 
Ag           0.8377432576       0.4941371850       0.2412652914 
Ag           0.3483894378       0.4993384357       0.3345956282 
Ag           0.9695908762       0.9222711721       0.0609040900 
Ag           0.4774385079       0.9231755776       0.1530712719 
Ag           0.7768745672       0.9506386876       0.1507153863 
Ag           0.8662133939       0.9988770910       0.0547256480 
Ag           0.6791957541       0.8957794939       0.0607069656 
Ag           0.5779245442       0.9648750365       0.0599939264 
Ag           0.1873587879       0.8953684983       0.1521684894 
Ag           0.0952535293       0.9656881015       0.1523284878 
Ag           0.2801666453       0.9491343311       0.0590187838 
Ag           0.9713920241       0.7994651525       0.1532897840 
Ag           0.8740050936       0.8742802929       0.1531433611 
Ag           0.5781136615       0.8484478629       0.1533863206 
Ag           0.6756028227       0.7735132174       0.1534817175 
Ag           0.3809934349       0.8735767803       0.0611298086 
Ag           0.7756070804       0.8232762794       0.0615241684 
Ag           0.4791226849       0.7987973228       0.0615861833 
Ag           0.2829580250       0.8224801428       0.1528768695 
Ag           0.0824958071       0.8482372702       0.0612338512 
Ag           0.1809514351       0.7742025914       0.0613897348 
Ag           0.8721877557       0.7496704715       0.0614791195 
Ag           0.9682410839       0.6761641030       0.0602832692 
Ag           0.3794052247       0.7484228983       0.1529729345 
Ag           0.4758681255       0.6738718970       0.1527751572 
Ag           0.7733589651       0.6983338552       0.1529276419 
Ag           0.6759411017       0.6497739556       0.0618460763 
Ag           0.5769017216       0.7242449627       0.0615803884 
Ag           0.3829233427       0.6265038262       0.0582681803 
Ag           0.0790415558       0.7252818252       0.1528173443 
Ag           0.1743690871       0.6518606018       0.1506737140 
Ag           0.2790394870       0.7001676984       0.0607444707 
Ag           0.8733746023       0.6217535966       0.1511806904 
Ag           0.7059510971       0.5340251084       0.1428546847 
Ag           0.4792726358       0.5482086680       0.0596018023 
Ag           0.7838200065       0.5780208715       0.0551868177 
Ag           0.2746825819       0.5803992982       0.1419451063 
Ag           0.3559567187       0.5002643780       0.1473683487 
Ag           0.0783273058       0.6044128566       0.0563225160 
Ag           0.1702835621       0.5344216055       0.0565184247 
Ag           0.8594487053       0.4984350455       0.0553129046 
Ag           0.3813863023       0.0007070713       0.1474295000 
Ag           0.9515987348       0.4521606564       0.3308697410 
Ag           0.6398710736       0.4660969077       0.3338158075 
Ag           0.5459937904       0.3941005251       0.3321461503 
Ag           0.7483308416       0.4209956063       0.2433449061 
Ag           0.4475836477       0.4472667668       0.2427169241 
Ag           0.8536296765       0.3754013782       0.3324368598 
Ag           0.1582080486       0.4760359589       0.2389057490 
Ag           0.2547677218       0.4239508891       0.3304947322 
Ag           0.0597563431       0.4000318340       0.2423151132 
Ag           0.9523350416       0.3239965264       0.2434947923 
Ag           0.6530422660       0.3471790757       0.2434280392 
Ag           0.4524979756       0.3202951751       0.3325464563 
Ag           0.7569071099       0.3001450819       0.3324677438 
Ag           0.5566012287       0.2731561575       0.2433051389 
Ag           0.3537654732       0.3716696070       0.2430914764 
Ag           0.1587222364       0.3482907930       0.3316628015 
Ag           0.2573407875       0.2966016107       0.2436166781 
Ag           0.0612738105       0.2723044873       0.3322025592 
Ag           0.9519702960       0.1961019825       0.3318660205 
Ag           0.8557317691       0.2486248726       0.2431961133 
Ag           0.6621276290       0.2261710100       0.3321542143 
Ag           0.4614022640       0.1991628029       0.2427227508 
Ag           0.7599961877       0.1735802691       0.2420685018 
Ag           0.5714778629       0.1535204825       0.3322783884 
Ag           0.3732542951       0.1252189906       0.2405365614 
Ag           0.3568129296       0.2453698651       0.3324652569 
Ag           0.1603267817       0.2214002703       0.2435861652 
Ag           0.2618606523       0.1689586822       0.3306329563 
Ag           0.0607686428       0.1463764378       0.2424607889 
Ag           0.9782579938       0.0357270115       0.3475022210 
Ag           0.9327614496       0.0719230446       0.2403717582 
Ag           0.8580796657       0.1181150061       0.3322771749 
Ag           0.4757517551       0.0837127444       0.3478260870 
Ag           0.6935694454       0.0347520431       0.3098523477 
Ag           0.6562585235       0.1006349213       0.2423265014 
Ag           0.4451548590       0.0469277044       0.2440657678 
Ag           0.7082503685       0.0356393440       0.1652222811 
Ag           0.1847065748       0.0884452827       0.3111406036 
Ag           0.1770491096       0.0200351634       0.2468837838 
Ag           0.9492997424       0.4499527591       0.1505471131 
Ag           0.6422778744       0.4650767164       0.1519860648 
Ag           0.5501930205       0.3946394605       0.1518127491 
Ag           0.7566971820       0.4214237843       0.0608324396 
Ag           0.4570687057       0.4481626902       0.0590746470 
Ag           0.2599286622       0.4224566553       0.1527495300 
Ag           0.1595568136       0.4644255500       0.0598954221 
Ag           0.0586483647       0.3950537065       0.0605699099 
Ag           0.9509301313       0.3223454193       0.0610609294 
Ag           0.8523776076       0.3734629470       0.1527492323 
Ag           0.7549636659       0.2986240004       0.1527042602 
Ag           0.4546413340       0.3216204075       0.1523566224 
Ag           0.6550819214       0.3472634390       0.0608656105 
Ag           0.5564686386       0.2732105325       0.0606624231 
Ag           0.0618019159       0.2726422807       0.1528491889 
Ag           0.1594719712       0.3475849801       0.1529229425 
Ag           0.3566174425       0.3725507131       0.0608849598 
Ag           0.2583981067       0.2977656825       0.0609755870 
Ag           0.9522704468       0.1975798193       0.1521759417 
Ag           0.5620780120       0.1513779311       0.1500008811 
Ag           0.6580729004       0.2245664135       0.1521044221 
Ag           0.8540075079       0.2487757961       0.0606560561 
Ag           0.4578740380       0.1992971142       0.0597254904 
Ag           0.7573542358       0.1755477033       0.0592237570 
Ag           0.3578628044       0.2476079153       0.1522647927 
Ag           0.2608421872       0.1732760782       0.1519432650 
Ag           0.1601662653       0.2233353262       0.0606322349 
Ag           0.0602988844       0.1491277013       0.0607078363 
Ag           0.3529638604       0.1258552017       0.0570704460 
Ag           0.9402230473       0.0776839303       0.0538268930 
Ag           0.8515226069       0.1211345734       0.1503639623 
Ag           0.4607871690       0.0801387830       0.1414125954 
Ag           0.6572413542       0.1042880683       0.0552597490 
Ag           0.5650667781       0.0346663060       0.0554971938 
Ag           0.1681669917       0.0988278038       0.1551618106 
Ag           0.0283908184       0.0343634436       0.1427230779 
Ag           0.2553186951       0.0476875419       0.0586228875 
CELL_PARAMETERS angstrom
      9.3032499096       0.0000000000       0.0000000000
      0.0000000000      37.3789441595       0.0000000000
      0.0000000000       0.0000000000      23.0000000000